10	11	12	13	14	15	10	11	12	13	14	15	10	11	12	13	14	15	10	11	12	13	14	15	10	11	12	13	14	15	10	11	12	13	14	15
20	21	22	23	24	25	20	21	22	23	24	25	20	21	22	23	24	25	20	21	22	23	24	25	20	21	22	23	24	25	20	21	22	23	24	25
26	27	28	29	30	31	26	27	28	29	30	31	26	27	28	29	30	31	26	27	28	29	30	31	26	27	28	29	30	31	26	27	28	29	30	31
40	41	42	43	44	45	40	41	42	43	44	45	40	41	42	43	44	45	40	41	42	43	44	45	40	41	42	43	44	45	40	41	42	43	44	45
46	47	48	49	50	51	46	47	48	49	50	51	46	47	48	49	50	51	46	47	48	49	50	51	46	47	48	49	50	51	46	47	48	49	50	51
56	57	58	59	60	61	56	57	58	59	60	61	56	57	58	59	60	61	56	57	58	59	60	61	56	57	58	59	60	61	56	57	58	59	60	61
10	11	12	13	14	15	10	11	12	13	14	15	10	11	12	13	14	15	10	11	12	13	14	15	10	11	12	13	14	15	10	11	12	13	14	15
20	21	22	23	24	25	20	21	22	23	24	25	20	21	22	23	24	25	20	21	22	23	24	25	20	21	22	23	24	25	20	21	22	23	24	25
26	27	28	29	30	31	26	27	28	29	30	31	26	27	28	29	30	31	26	27	28	29	30	31	26	27	28	29	30	31	26	27	28	29	30	31
40	41	42	43	44	45	40	41	42	43	44	45	40	41	42	43	44	45	40	41	42	43	44	45	40	41	42	43	44	45	40	41	42	43	44	45
46	47	48	49	50	51	46	47	48	49	50	51	46	47	48	49	50	51	46	47	48	49	50	51	46	47	48	49	50	51	46	47	48	49	50	51
56	57	58	59	60	61	56	57	58	59	60	61	56	57	58	59	60	61	56	57	58	59	60	61	56	57	58	59	60	61	56	57	58	59	60	61
10	11	12	13	14	15	10	11	12	13	14	15	10	11	12	13	14	15	10	11	12	13	14	15	10	11	12	13	14	15	10	11	12	13	14	15
20	21	22	23	24	25	20	21	22	23	24	25	20	21	22	23	24	25	20	21	22	23	24	25	20	21	22	23	24	25	20	21	22	23	24	25
26	27	28	29	30	31	26	27	28	29	30	31	26	27	28	29	30	31	26	27	28	29	30	31	26	27	28	29	30	31	26	27	28	29	30	31
40	41	42	43	44	45	40	41	42	43	44	45	40	41	42	43	44	45	40	41	42	43	44	45	40	41	42	43	44	45	40	41	42	43	44	45
46	47	48	49	50	51	46	47	48	49	50	51	46	47	48	49	50	51	46	47	48	49	50	51	46	47	48	49	50	51	46	47	48	49	50	51
56	57	58	59	60	61	56	57	58	59	60	61	56	57	58	59	60	61	56	57	58	59	60	61	56	57	58	59	60	61	56	57	58	59	60	61
10	11	12	13	14	15	10	11	12	13	14	15	10	11	12	13	14	15	10	11	12	13	14	15	10	11	12	13	14	15	10	11	12	13	14	15
20	21	22	23	24	25	20	21	22	23	24	25	20	21	22	23	24	25	20	21	22	23	24	25	20	21	22	23	24	25	20	21	22	23	24	25
26	27	28	29	30	31	26	27	28	29	30	31	26	27	28	29	30	31	26	27	28	29	30	31	26	27	28	29	30	31	26	27	28	29	30	31
40	41	42	43	44	45	40	41	42	43	44	45	40	41	42	43	44	45	40	41	42	43	44	45	40	41	42	43	44	45	40	41	42	43	44	45
46	47	48	49	50	51	46	47	48	49	50	51	46	47	48	49	50	51	46	47	48	49	50	51	46	47	48	49	50	51	46	47	48	49	50	51
56	57	58	59	60	61	56	57	58	59	60	61	56	57	58	59	60	61	56	57	58	59	60	61	56	57	58	59	60	61	56	57	58	59	60	61
10	11	12	13	14	15	10	11	12	13	14	15	10	11	12	13	14	15	10	11	12	13	14	15	10	11	12	13	14	15	10	11	12	13	14	15
20	21	22	23	24	25	20	21	22	23	24	25	20	21	22	23	24	25	20	21	22	23	24	25	20	21	22	23	24	25	20	21	22	23	24	25
26	27	28	29	30	31	26	27	28	29	30	31	26	27	28	29	30	31	26	27	28	29	30	31	26	27	28	29	30	31	26	27	28	29	30	31
40	41	42	43	44	45	40	41	42	43	44	45	40	41	42	43	44	45	40	41	42	43	44	45	40	41	42	43	44	45	40	41	42	43	44	45
46	47	48	49	50	51	46	47	48	49	50	51	46	47	48	49	50	51	46	47	48	49	50	51	46	47	48	49	50	51	46	47	48	49	50	51
56	57	58	59	60	61	56	57	58	59	60	61	56	57	58	59	60	61	56	57	58	59	60	61	56	57	58	59	60	61	56	57	58	59	60	61
10	11	12	13	14	15	10	11	12	13	14	15	10	11	12	13	14	15	10	11	12	13	14	15	10	11	12	13	14	15	10	11	12	13	14	15
20	21	22	23	24	25	20	21	22	23	24	25	20	21	22	23	24	25	20	21	22	23	24	25	20	21	22	23	24	25	20	21	22	23	24	25
26	27	28	29	30	31	26	27	28	29	30	31	26	27	28	29	30	31	26	27	28	29	30	31	26	27	28	29	30	31	26	27	28	29	30	31
40	41	42	43	44	45	40	41	42	43	44	45	40	41	42	43	44	45	40	41	42	43	44	45	40	41	42	43	44	45	40	41	42	43	44	45
46	47	48	49	50	51	46	47	48	49	50	51	46	47	48	49	50	51	46	47	48	49	50	51	46	47	48	49	50	51	46	47	48	49	50	51
56	57	58	59	60	61	56	57	58	59	60	61	56	57	58	59	60	61	56	57	58	59	60	61	56	57	58	59	60	61	56	57	58	59	60	61
